       40000.00         2.209377        0.0000000
       37821.48         2.109691        0.0000000
       35765.38         2.040943        0.0000000
       33818.06         1.990124        0.0000000
       31979.53         1.951045        0.0000000
       30248.04         1.920152        0.0000000
       28604.12         1.894992        0.0000000
       27041.64         1.874153        0.0000000
       25575.45         1.856887        0.0000000
       24183.80         1.842263        0.0000000
       22867.60         1.829822        0.0000000
       21626.30         1.819192        0.0000000
       20449.90         1.810013        0.0000000
       19338.62         1.802074        0.0000000
       18284.88         1.795154        0.0000000
       17292.06         1.789139        0.0000000
       16350.56         1.783861        0.0000000
       15463.12         1.779245        0.0000000
       14622.02         1.775176        0.0000000
       13827.43         1.771595        0.0000000
       13075.31         1.768431        0.0000000
       12364.00         1.765633        0.0000000
       11691.80         1.763159        0.0000000
       11055.83         1.760964        0.0000000
       10454.78         1.759018        0.0000000
       9881.423         1.757275        0.0000000
       9345.794         1.755745        0.0000000
       8841.732         1.754389        0.0000000
       8361.204         1.753172        0.0000000
       7905.139         1.752083        0.0000000
       7473.841         1.751112        0.0000000
       7067.138         1.750247        0.0000000
       6684.492         1.749479        0.0000000
       6321.112         1.748789        0.0000000
       5977.287         1.748171        0.0000000
       5652.911         1.747618        0.0000000
       5344.735         1.747120        0.0000000
       5053.057         1.746672        0.0000000
       4780.115         1.746272        0.0000000
       4518.753         1.745907        0.0000000
       4273.504         1.745579        0.0000000
       4042.037         1.745282        0.0000000
       3821.169         1.745009        0.0000000
       3614.022         1.744761        0.0000000
       3417.635         1.744531        0.0000000
       3231.018         1.744318        0.0000000
       3055.301         1.744120        0.0000000
       2889.338         1.743933        0.0000000
       2732.240         1.743755        0.0000000
       2583.979         1.743585        0.0000000
       2443.196         1.743419        0.0000000
       2310.536         1.743256        0.0000000
       2184.837         1.743094        0.0000000
       2066.116         1.742930        0.0000000
       1953.888         1.742763        0.0000000
       1847.404         1.742590        0.0000000
       1747.030         1.742410        0.0000000
       1652.073         1.742219        0.0000000
       1562.256         1.742016        0.0000000
       1477.323         1.741799        0.0000000
       1397.038         1.741563        0.0000000
       1321.004         1.741307        0.0000000
       1249.219         1.741026        0.0000000
       1181.195         1.740718        0.0000000
       1116.944         1.740379        0.0000000
       1056.301         1.740004        0.0000000
       999.0010         1.739589        0.0000000
       944.2870         1.739124        0.0000000
       892.8572         1.738609        0.0000000
       844.5946         1.738040        0.0000000
       798.7220         1.737403        0.0000000
       755.2870         1.736690        0.0000000
       714.2857         1.735896        0.0000000
       675.2194         1.735000        0.0000000
       638.5696         1.734005        0.0000000
       603.8647         1.732889        0.0000000
       571.1022         1.731641        0.0000000
       539.9568         1.730235        0.0000000
       510.7252         1.728669        0.0000000
       482.8586         1.726898        0.0000000
       456.6210         1.724916        0.0000000
       431.7789         1.722685        0.0000000
       408.3299         1.720181        0.0000000
       386.1004         1.717355        0.0000000
       365.0968         1.714173        0.0000000
       345.3039         1.710598        0.0000000
       326.4773         1.706537        0.0000000
       308.7373         1.701962        0.0000000
       291.9708         1.696786        0.0000000
       276.0905         1.690909        0.0000000
       261.0284         1.684211        0.0000000
       246.8526         1.676622        0.0000000
       233.4267         1.667951        0.0000000
       220.7505         1.658050        0.0000000
       208.7247         1.646653        0.0000000
       197.3944         1.633579        0.0000000
       186.6716         1.618457        0.0000000
       176.5225         1.600878        0.0000000
       166.9170         1.580326        0.0000000
       157.8283         1.556143        0.0000000
       149.2537         1.527552        0.0000000
